H1|9275099000133745598210|1|20121205|162823||20260|0000|||||020|201212050000|9999|2.0.1|000000017|990001337|
D1|4202026000009224899000133728420241|SA|248|C01|20260|0000||||||990001337||||||||||000|0000|33|01|20260|||0001990|P|||1|000006071|3|N5|B|00|00000|00000|00000|000000|931|000000||000000||000000||000000||000000|0050000|000000|0000||0000000||0000000|||0000000|000000000||0||N|N|1|00|Y|||||||||||||||
D1|4202026000009225399000133745327728|SA|253|C01|20260|0000||||||990001337||||||||||000|0000|33|01|20260|||0001990|P|||1|000008997|3|N5|B|00|00000|00000|00000|000000|920|000000|931|000000||000000||000000||000000|0050000|000000|0000||0000000||0000000|||0000000|000000000||0||N|N|1|00|Y|||||||||||||||
D1|4202026000009225599000133707717935|SA|255|C01|20260|0000||||||990001337||||||||||000|0000|33|01|20260|||0001990|P|||1|000007260|3|N5|B|00|00000|00000|00000|000000|931|000000|955|000000||000000||000000||000000|0050000|000000|0000||0000000||0000000|||0000000|000000000||0||N|N|1|00|Y|||||||||||||||
D1|4202026000009225699000133783990890|SA|256|C01|20260|0000||||||990001337||||||||||000|0000|33|01|20260|||0001990|P|||1|000006713|3|N5|B|00|00000|00000|00000|000000|931|000000||000000||000000||000000||000000|0050000|000000|0000||0000000||0000000|||0000000|000000000||0||N|N|1|00|Y|||||||||||||||
D1|4202026000009225799000133786997081|SA|257|C01|20260|0000||||||990001337||||||||||000|0000|33|01|20260|||0001990|P|||1|000002232|3|N5|B|00|00000|00000|00000|000000|931|000000|957|000000||000000||000000||000000|0050000|000000|0000||0000000||0000000|||0000000|000000000||0||N|N|1|00|Y|||||||||||||||
D1|4202026000009225999000133750205969|SA|259|C01|20260|0000||||||990001337||||||||||000|0000|33|01|20260|||0001990|P|||1|000002120|3|N5|B|00|00000|00000|00000|000000|930|000000|920|000000||000000||000000||000000|0010000|000000|0000||0000000||0000000|||0000000|000000000||0||N|N|1|00|Y|||||||||||||||
D1|4202026000009226599000133724475857|SA|265|C01|20260|0000||||||990001337||||||||||000|0000|33|01|20260|||0001990|P|||1|000006288|3|N5|B|00|00000|00000|00000|000000|930|000000||000000||000000||000000||000000|0010000|000000|0000||0000000||0000000|||0000000|000000000||0||N|N|1|00|Y|||||||||||||||
D1|4202026000009226899000133745874867|SA|268|C01|20260|0000||||||990001337||||||||||000|0000|33|01|20260|||0001990|P|||1|000006393|3|N5|B|00|00000|00000|00000|000000|920|000000|970|000000||000000||000000||000000|0010000|000000|0000||0000000||0000000|||0000000|000000000||0||N|N|1|00|Y|||||||||||||||
D1|4202026000009226999000133783391722|SA|269|C01|20260|0000||||||990001337||||||||||000|0000|33|01|20260|||0001990|P|||1|000008838|3|N5|B|00|00000|00000|00000|000000|920|000000||000000||000000||000000||000000|0010000|000000|0000||0000000||0000000|||0000000|000000000||0||N|N|1|00|Y|||||||||||||||
D1|4202026000009228599000133779393389|SA|285|C01|20260|0000||||||990001337||||||||||000|0000|33|01|20260|||0001990|P|||1|000007496|3|N5|B|00|00000|00000|00000|000000|931|000000|955|000000|957|000000||000000||000000|0050000|000000|0000||0000000||0000000|||0000000|000000000||0||N|N|1|00|Y|||||||||||||||
D1|4202026000009228699000133725277161|SA|286|C01|20260|0000||||||990001337||||||||||000|0000|33|01|20260|||0001990|P|||1|000004901|3|N5|B|00|00000|00000|00000|000000|931|000000|955|000000|950|000000||000000||000000|0050000|000000|0000||0000000||0000000|||0000000|000000000||0||N|N|1|00|Y|||||||||||||||
D1|4202026000009228899000133771350521|SA|288|C01|20260|0000||||||990001337||||||||||000|0000|33|01|20260|||0001990|P|||1|000009261|3|N5|B|00|00000|00000|00000|000000|931|000000|955|000000|957|000000|950|000000||000000|0050000|000000|0000||0000000||0000000|||0000000|000000000||0||N|N|1|00|Y|||||||||||||||
D1|4202026000009230699000133729040578|SA|306|C01|20260|0000||||||990001337||||||||||000|0000|33|01|20260|||0001990|P|||1|000009754|3|N5|B|00|00000|00000|00000|000000|930|000000|960|000000||000000||000000||000000|0010000|000000|0000||0000000||0000000|||0000000|000000000||0||N|N|1|00|Y|||||||||||||||
D1|4202026000009230799000133744449469|SA|307|C01|20260|0000||||||990001337||||||||||000|0000|33|01|20260|||0001990|P|||1|000003630|3|N5|B|00|00000|00000|00000|000000|960|000000||000000||000000||000000||000000|0010000|000000|0000||0000000||0000000|||0000000|000000000||0||N|N|1|00|Y|||||||||||||||
D1|4202026000009230899000133738646186|SA|308|C01|20260|0000||||||990001337||||||||||000|0000|33|01|20260|||0001990|P|||1|000002085|3|N5|B|00|00000|00000|00000|000000|920|000000|960|000000||000000||000000||000000|0010000|000000|0000||0000000||0000000|||0000000|000000000||0||N|N|1|00|Y|||||||||||||||
D1|4202026000009270299000133798620244|SA|702|C01|20260|0000||||||990001337||||||||||000|0000|33|01|20260|||0001990|P|||1|000008908|3|N5|B|00|00000|00000|00000|000000||000000||000000||000000||000000||000000|0010000|000000|0000||0000000||0000000|||0000000|000000000||0||N|N|1|00|Y|||||||||||||||